{
 "cells": [
  {
   "cell_type": "code",
   "execution_count": 112,
   "metadata": {},
   "outputs": [],
   "source": [
    "\"\"\"reads a tsp file and returns a list of vertices and a dict of edges with their corresponding costs\"\"\"\n",
    "\n",
    "def read_tsp(tsp_file):\n",
    "    \n",
    "    import xmltodict\n",
    "    \n",
    "    vertices = []\n",
    "    edges = {}\n",
    "    \n",
    "    with open(tsp_file) as file:\n",
    "        data = xmltodict.parse(file.read(), dict_constructor=dict)\n",
    "    \n",
    "        vertices_dict = data[\"travellingSalesmanProblemInstance\"][\"graph\"][\"vertex\"]\n",
    "        \n",
    "        for i, vertice in enumerate(vertices_dict):\n",
    "            vertices.append(i)\n",
    "            \n",
    "            for edge in vertice[\"edge\"]:\n",
    "                edges[(str(i), edge[\"#text\"])] = float(edge[\"@cost\"])\n",
    "                \n",
    "    return vertices, edges\n",
    "                \n",
    "        "
   ]
  },
  {
   "cell_type": "code",
   "execution_count": 113,
   "metadata": {},
   "outputs": [],
   "source": [
    "doc = \"../Data/ulysses16.xml\""
   ]
  },
  {
   "cell_type": "code",
   "execution_count": 114,
   "metadata": {
    "scrolled": true
   },
   "outputs": [],
   "source": [
    "vertices, edges = read_tsp(doc)"
   ]
  },
  {
   "cell_type": "code",
   "execution_count": 115,
   "metadata": {},
   "outputs": [
    {
     "data": {
      "text/plain": [
       "{'@cost': '5.090000000000000e+02', '#text': '1'}"
      ]
     },
     "execution_count": 115,
     "metadata": {},
     "output_type": "execute_result"
    }
   ],
   "source": [
    "s[\"travellingSalesmanProblemInstance\"][\"graph\"][\"vertex\"][0][\"edge\"][0]"
   ]
  },
  {
   "cell_type": "code",
   "execution_count": 117,
   "metadata": {},
   "outputs": [
    {
     "data": {
      "text/plain": [
       "{('0', '1'): 509.0,\n",
       " ('0', '2'): 501.0,\n",
       " ('0', '3'): 312.0,\n",
       " ('0', '4'): 1019.0,\n",
       " ('0', '5'): 736.0,\n",
       " ('0', '6'): 656.0,\n",
       " ('0', '7'): 60.0,\n",
       " ('0', '8'): 1039.0,\n",
       " ('0', '9'): 726.0,\n",
       " ('0', '10'): 2314.0,\n",
       " ('0', '11'): 479.0,\n",
       " ('0', '12'): 448.0,\n",
       " ('0', '13'): 479.0,\n",
       " ('0', '14'): 619.0,\n",
       " ('0', '15'): 150.0,\n",
       " ('1', '0'): 509.0,\n",
       " ('1', '2'): 126.0,\n",
       " ('1', '3'): 474.0,\n",
       " ('1', '4'): 1526.0,\n",
       " ('1', '5'): 1226.0,\n",
       " ('1', '6'): 1133.0,\n",
       " ('1', '7'): 532.0,\n",
       " ('1', '8'): 1449.0,\n",
       " ('1', '9'): 1122.0,\n",
       " ('1', '10'): 2789.0,\n",
       " ('1', '11'): 958.0,\n",
       " ('1', '12'): 941.0,\n",
       " ('1', '13'): 978.0,\n",
       " ('1', '14'): 1127.0,\n",
       " ('1', '15'): 542.0,\n",
       " ('2', '0'): 501.0,\n",
       " ('2', '1'): 126.0,\n",
       " ('2', '3'): 541.0,\n",
       " ('2', '4'): 1516.0,\n",
       " ('2', '5'): 1184.0,\n",
       " ('2', '6'): 1084.0,\n",
       " ('2', '7'): 536.0,\n",
       " ('2', '8'): 1371.0,\n",
       " ('2', '9'): 1045.0,\n",
       " ('2', '10'): 2728.0,\n",
       " ('2', '11'): 913.0,\n",
       " ('2', '12'): 904.0,\n",
       " ('2', '13'): 946.0,\n",
       " ('2', '14'): 1115.0,\n",
       " ('2', '15'): 499.0,\n",
       " ('3', '0'): 312.0,\n",
       " ('3', '1'): 474.0,\n",
       " ('3', '2'): 541.0,\n",
       " ('3', '4'): 1157.0,\n",
       " ('3', '5'): 980.0,\n",
       " ('3', '6'): 919.0,\n",
       " ('3', '7'): 271.0,\n",
       " ('3', '8'): 1333.0,\n",
       " ('3', '9'): 1029.0,\n",
       " ('3', '10'): 2553.0,\n",
       " ('3', '11'): 751.0,\n",
       " ('3', '12'): 704.0,\n",
       " ('3', '13'): 720.0,\n",
       " ('3', '14'): 783.0,\n",
       " ('3', '15'): 455.0,\n",
       " ('4', '0'): 1019.0,\n",
       " ('4', '1'): 1526.0,\n",
       " ('4', '2'): 1516.0,\n",
       " ('4', '3'): 1157.0,\n",
       " ('4', '5'): 478.0,\n",
       " ('4', '6'): 583.0,\n",
       " ('4', '7'): 996.0,\n",
       " ('4', '8'): 858.0,\n",
       " ('4', '9'): 855.0,\n",
       " ('4', '10'): 1504.0,\n",
       " ('4', '11'): 677.0,\n",
       " ('4', '12'): 651.0,\n",
       " ('4', '13'): 600.0,\n",
       " ('4', '14'): 401.0,\n",
       " ('4', '15'): 1033.0,\n",
       " ('5', '0'): 736.0,\n",
       " ('5', '1'): 1226.0,\n",
       " ('5', '2'): 1184.0,\n",
       " ('5', '3'): 980.0,\n",
       " ('5', '4'): 478.0,\n",
       " ('5', '6'): 115.0,\n",
       " ('5', '7'): 740.0,\n",
       " ('5', '8'): 470.0,\n",
       " ('5', '9'): 379.0,\n",
       " ('5', '10'): 1581.0,\n",
       " ('5', '11'): 271.0,\n",
       " ('5', '12'): 289.0,\n",
       " ('5', '13'): 261.0,\n",
       " ('5', '14'): 308.0,\n",
       " ('5', '15'): 687.0,\n",
       " ('6', '0'): 656.0,\n",
       " ('6', '1'): 1133.0,\n",
       " ('6', '2'): 1084.0,\n",
       " ('6', '3'): 919.0,\n",
       " ('6', '4'): 583.0,\n",
       " ('6', '5'): 115.0,\n",
       " ('6', '7'): 667.0,\n",
       " ('6', '8'): 455.0,\n",
       " ('6', '9'): 288.0,\n",
       " ('6', '10'): 1661.0,\n",
       " ('6', '11'): 177.0,\n",
       " ('6', '12'): 216.0,\n",
       " ('6', '13'): 207.0,\n",
       " ('6', '14'): 343.0,\n",
       " ('6', '15'): 592.0,\n",
       " ('7', '0'): 60.0,\n",
       " ('7', '1'): 532.0,\n",
       " ('7', '2'): 536.0,\n",
       " ('7', '3'): 271.0,\n",
       " ('7', '4'): 996.0,\n",
       " ('7', '5'): 740.0,\n",
       " ('7', '6'): 667.0,\n",
       " ('7', '8'): 1066.0,\n",
       " ('7', '9'): 759.0,\n",
       " ('7', '10'): 2320.0,\n",
       " ('7', '11'): 493.0,\n",
       " ('7', '12'): 454.0,\n",
       " ('7', '13'): 479.0,\n",
       " ('7', '14'): 598.0,\n",
       " ('7', '15'): 206.0,\n",
       " ('8', '0'): 1039.0,\n",
       " ('8', '1'): 1449.0,\n",
       " ('8', '2'): 1371.0,\n",
       " ('8', '3'): 1333.0,\n",
       " ('8', '4'): 858.0,\n",
       " ('8', '5'): 470.0,\n",
       " ('8', '6'): 455.0,\n",
       " ('8', '7'): 1066.0,\n",
       " ('8', '9'): 328.0,\n",
       " ('8', '10'): 1387.0,\n",
       " ('8', '11'): 591.0,\n",
       " ('8', '12'): 650.0,\n",
       " ('8', '13'): 656.0,\n",
       " ('8', '14'): 776.0,\n",
       " ('8', '15'): 933.0,\n",
       " ('9', '0'): 726.0,\n",
       " ('9', '1'): 1122.0,\n",
       " ('9', '2'): 1045.0,\n",
       " ('9', '3'): 1029.0,\n",
       " ('9', '4'): 855.0,\n",
       " ('9', '5'): 379.0,\n",
       " ('9', '6'): 288.0,\n",
       " ('9', '7'): 759.0,\n",
       " ('9', '8'): 328.0,\n",
       " ('9', '10'): 1697.0,\n",
       " ('9', '11'): 333.0,\n",
       " ('9', '12'): 400.0,\n",
       " ('9', '13'): 427.0,\n",
       " ('9', '14'): 622.0,\n",
       " ('9', '15'): 610.0,\n",
       " ('10', '0'): 2314.0,\n",
       " ('10', '1'): 2789.0,\n",
       " ('10', '2'): 2728.0,\n",
       " ('10', '3'): 2553.0,\n",
       " ('10', '4'): 1504.0,\n",
       " ('10', '5'): 1581.0,\n",
       " ('10', '6'): 1661.0,\n",
       " ('10', '7'): 2320.0,\n",
       " ('10', '8'): 1387.0,\n",
       " ('10', '9'): 1697.0,\n",
       " ('10', '11'): 1838.0,\n",
       " ('10', '12'): 1868.0,\n",
       " ('10', '13'): 1841.0,\n",
       " ('10', '14'): 1789.0,\n",
       " ('10', '15'): 2248.0,\n",
       " ('11', '0'): 479.0,\n",
       " ('11', '1'): 958.0,\n",
       " ('11', '2'): 913.0,\n",
       " ('11', '3'): 751.0,\n",
       " ('11', '4'): 677.0,\n",
       " ('11', '5'): 271.0,\n",
       " ('11', '6'): 177.0,\n",
       " ('11', '7'): 493.0,\n",
       " ('11', '8'): 591.0,\n",
       " ('11', '9'): 333.0,\n",
       " ('11', '10'): 1838.0,\n",
       " ('11', '12'): 68.0,\n",
       " ('11', '13'): 105.0,\n",
       " ('11', '14'): 336.0,\n",
       " ('11', '15'): 417.0,\n",
       " ('12', '0'): 448.0,\n",
       " ('12', '1'): 941.0,\n",
       " ('12', '2'): 904.0,\n",
       " ('12', '3'): 704.0,\n",
       " ('12', '4'): 651.0,\n",
       " ('12', '5'): 289.0,\n",
       " ('12', '6'): 216.0,\n",
       " ('12', '7'): 454.0,\n",
       " ('12', '8'): 650.0,\n",
       " ('12', '9'): 400.0,\n",
       " ('12', '10'): 1868.0,\n",
       " ('12', '11'): 68.0,\n",
       " ('12', '13'): 52.0,\n",
       " ('12', '14'): 287.0,\n",
       " ('12', '15'): 406.0,\n",
       " ('13', '0'): 479.0,\n",
       " ('13', '1'): 978.0,\n",
       " ('13', '2'): 946.0,\n",
       " ('13', '3'): 720.0,\n",
       " ('13', '4'): 600.0,\n",
       " ('13', '5'): 261.0,\n",
       " ('13', '6'): 207.0,\n",
       " ('13', '7'): 479.0,\n",
       " ('13', '8'): 656.0,\n",
       " ('13', '9'): 427.0,\n",
       " ('13', '10'): 1841.0,\n",
       " ('13', '11'): 105.0,\n",
       " ('13', '12'): 52.0,\n",
       " ('13', '14'): 237.0,\n",
       " ('13', '15'): 449.0,\n",
       " ('14', '0'): 619.0,\n",
       " ('14', '1'): 1127.0,\n",
       " ('14', '2'): 1115.0,\n",
       " ('14', '3'): 783.0,\n",
       " ('14', '4'): 401.0,\n",
       " ('14', '5'): 308.0,\n",
       " ('14', '6'): 343.0,\n",
       " ('14', '7'): 598.0,\n",
       " ('14', '8'): 776.0,\n",
       " ('14', '9'): 622.0,\n",
       " ('14', '10'): 1789.0,\n",
       " ('14', '11'): 336.0,\n",
       " ('14', '12'): 287.0,\n",
       " ('14', '13'): 237.0,\n",
       " ('14', '15'): 636.0,\n",
       " ('15', '0'): 150.0,\n",
       " ('15', '1'): 542.0,\n",
       " ('15', '2'): 499.0,\n",
       " ('15', '3'): 455.0,\n",
       " ('15', '4'): 1033.0,\n",
       " ('15', '5'): 687.0,\n",
       " ('15', '6'): 592.0,\n",
       " ('15', '7'): 206.0,\n",
       " ('15', '8'): 933.0,\n",
       " ('15', '9'): 610.0,\n",
       " ('15', '10'): 2248.0,\n",
       " ('15', '11'): 417.0,\n",
       " ('15', '12'): 406.0,\n",
       " ('15', '13'): 449.0,\n",
       " ('15', '14'): 636.0}"
      ]
     },
     "execution_count": 117,
     "metadata": {},
     "output_type": "execute_result"
    }
   ],
   "source": [
    "edges"
   ]
  },
  {
   "cell_type": "code",
   "execution_count": 50,
   "metadata": {},
   "outputs": [
    {
     "ename": "AttributeError",
     "evalue": "'str' object has no attribute 'travellingSalesmanProblemInstance'",
     "output_type": "error",
     "traceback": [
      "\u001b[0;31m---------------------------------------------------------------------------\u001b[0m",
      "\u001b[0;31mAttributeError\u001b[0m                            Traceback (most recent call last)",
      "\u001b[0;32m<ipython-input-50-844ca36c4ef4>\u001b[0m in \u001b[0;36m<module>\u001b[0;34m\u001b[0m\n\u001b[1;32m      1\u001b[0m \u001b[0;32mimport\u001b[0m \u001b[0mjson\u001b[0m\u001b[0;34m\u001b[0m\u001b[0m\n\u001b[1;32m      2\u001b[0m \u001b[0;34m\u001b[0m\u001b[0m\n\u001b[0;32m----> 3\u001b[0;31m \u001b[0mjson\u001b[0m\u001b[0;34m.\u001b[0m\u001b[0mdumps\u001b[0m\u001b[0;34m(\u001b[0m\u001b[0mdata\u001b[0m\u001b[0;34m)\u001b[0m\u001b[0;34m.\u001b[0m\u001b[0mtravellingSalesmanProblemInstance\u001b[0m\u001b[0;34m\u001b[0m\u001b[0m\n\u001b[0m",
      "\u001b[0;31mAttributeError\u001b[0m: 'str' object has no attribute 'travellingSalesmanProblemInstance'"
     ]
    }
   ],
   "source": [
    "import json\n",
    "\n",
    "json.dumps(data).travellingSalesmanProblemInstance"
   ]
  },
  {
   "cell_type": "code",
   "execution_count": null,
   "metadata": {},
   "outputs": [],
   "source": []
  }
 ],
 "metadata": {
  "kernelspec": {
   "display_name": "Python 3",
   "language": "python",
   "name": "python3"
  },
  "language_info": {
   "codemirror_mode": {
    "name": "ipython",
    "version": 3
   },
   "file_extension": ".py",
   "mimetype": "text/x-python",
   "name": "python",
   "nbconvert_exporter": "python",
   "pygments_lexer": "ipython3",
   "version": "3.6.5"
  }
 },
 "nbformat": 4,
 "nbformat_minor": 2
}
